5.111852764468264310e-01
3.940821629356889400e+00
1.000019361455792577e+01
1.345170612877775795e+01
2.400482599260809025e+01
5.145434802007054031e+01
5.251972361404547485e+01
7.059140213822297483e+01
7.310077057630429920e+01
7.898582442642000956e+01
7.918198476722514556e+01
8.837492122197393485e+01
8.925427719779607116e+01
9.255749449785706418e+01
1.261255860842075123e+02
1.423349084947601284e+02
1.430856783373044721e+02
1.619876149533396870e+02
1.779972347587976174e+02
1.803397318898541926e+02
1.945273502104816146e+02
2.139074882022344468e+02
2.325961514985477265e+02
2.406414589476391654e+02
2.616578916373326251e+02
2.659148877240613160e+02
2.780895219214181111e+02
3.112977144503622071e+02
3.217359519720927779e+02
3.217777792232553224e+02
3.287470323694480498e+02
3.552081611308099127e+02
3.600515512447682340e+02
3.714955390450322739e+02
3.725858158035778160e+02
3.740304009021537013e+02
3.927157860754950320e+02
4.042205831017176934e+02
4.094507254236290805e+02
4.201737504177145297e+02
4.262558225595000181e+02
4.397001258885518951e+02
4.568320219549434569e+02
4.653166232234228801e+02
4.662504775893905844e+02
4.933306611170042402e+02
5.276771509557636364e+02
5.338608502226751398e+02
5.379975382411189457e+02
5.469389378229096792e+02
5.502845013077803742e+02
5.546579620306238212e+02
5.584653240312690059e+02
5.630146744063396227e+02
5.684286638643951619e+02
5.743225405931547130e+02
5.863529090494780576e+02
6.027687835053509389e+02
6.144192753034507177e+02
6.223583054090626092e+02
6.378771745316561237e+02
6.455794016339132213e+02
6.710361491885181522e+02
6.821783985428764936e+02
6.941441009670010089e+02
7.046377674475086224e+02
7.162610521694969066e+02
7.282530236739322618e+02
7.431119059215059224e+02
7.714111098821975929e+02
7.875790639682820711e+02
7.900439537064252136e+02
7.949143700215535091e+02
7.968370663135341374e+02
8.092747093703867449e+02
8.179138263486736378e+02
8.339494352896225564e+02
8.801657633443797977e+02
8.887976448350951841e+02
8.936194984663333116e+02
9.060814435826349609e+02
9.110239187201674440e+02
9.386377573067289859e+02
9.419367143974253622e+02
9.459965395624038820e+02
9.461308231127758290e+02
9.469926097274938002e+02
9.583778230882089701e+02
9.606034237890220311e+02
9.872971727093647587e+02
9.909721432585292860e+02
9.920586345546884104e+02
9.958814824744665657e+02
9.979498068787428338e+02
1.016359901866941641e+03
1.024312907935069461e+03
1.043372839390214949e+03
1.052782214476512081e+03
1.058158529853346863e+03
1.060244710652406184e+03
1.062180750187785179e+03
1.063263423913727365e+03
1.074087879019432421e+03
1.088424574457722429e+03
1.089882923303146072e+03
1.094605212535381270e+03
1.104672732283495634e+03
1.107851574457183688e+03
1.110283395092295905e+03
1.148335350955716422e+03
1.168476923679558467e+03
1.179654798035844578e+03
1.193087703529871305e+03
1.193377696378115161e+03
1.204437443074753219e+03
1.214443520162969207e+03
1.224681718805989021e+03
1.232101318488634433e+03
1.251006812474341132e+03
1.253807169736691094e+03
1.274606007076494279e+03
1.275482809029022292e+03
1.289074016367167815e+03
1.308171931492297517e+03
1.312830870590649738e+03
1.315702269247344020e+03
1.326284518471945148e+03
1.326444053825841593e+03
1.329195566004002103e+03
1.345342401844577807e+03
1.346320329834860331e+03
1.365417200631581636e+03
1.394751374956725385e+03
1.411477612040459917e+03
1.424596622837229461e+03
1.426113429608738215e+03
1.426587962257342724e+03
1.430441067689933107e+03
1.433373155860453380e+03
1.440651076526439283e+03
1.457458349224326639e+03
1.460996165407467743e+03
1.476400431991416099e+03
1.487682343856989291e+03
1.507290444337706049e+03
1.513247296972769391e+03
1.514876070389849474e+03
1.541724041220257732e+03
1.566976244045154090e+03
1.602689744406656018e+03
1.607075902941233835e+03
1.612807769356462131e+03
1.617243377884774645e+03
1.618602485486107298e+03
1.630465065324477109e+03
1.665050927018993434e+03
1.667068711811874209e+03
1.674914334445660870e+03
1.702645001845596880e+03
1.712267853118638186e+03
1.731174550815761677e+03
1.734934290846482781e+03
1.738155418699939901e+03
1.746459634727648563e+03
1.752267395551807567e+03
1.773766325296114246e+03
1.780202760805168737e+03
1.789306739399027265e+03
1.792989790971635330e+03
1.808086239922287177e+03
1.814457371668677979e+03
1.820320241769403992e+03
1.827533293213817387e+03
1.834493320944485276e+03
1.837386554557032468e+03
1.866638847575721229e+03
1.868354599659719042e+03
1.869354387295482638e+03
1.901297319384076673e+03
1.922563045398695294e+03
1.924344021110182439e+03
1.928866647377285972e+03
1.933532149422461998e+03
1.934290738029806789e+03
1.968344967502219561e+03
1.983171013999805155e+03
1.989401580696438714e+03
1.992120637236796256e+03
1.996187105864982414e+03
2.002514644838701997e+03
2.014253595943916935e+03
2.030758522464383532e+03
2.032477817372446452e+03
2.037178330930029915e+03
2.049455601092565757e+03
2.050720442746291610e+03
2.055201575547549510e+03
2.058091389583797991e+03
2.062717744043663970e+03
2.070626587700389337e+03
2.072715955172445774e+03
2.085302572517865428e+03
2.115152530930958619e+03
2.118024184079956285e+03
2.144625365704104297e+03
2.201786221773033503e+03
2.220339048481242571e+03
2.235222808994982188e+03
2.247297221742946476e+03
2.263625345979770827e+03
2.264484212151143311e+03
2.265543450079702779e+03
2.275860148407940869e+03
2.295776434458336553e+03
2.302948997415651320e+03
2.330400705542498144e+03
2.341711652724449323e+03
2.347154576989577436e+03
2.367685091390304024e+03
2.384118736882862322e+03
2.401398794808411822e+03
2.404704466543847502e+03
2.457340745357738797e+03
2.459110125397306547e+03
2.462953102168591158e+03
2.465223373486863693e+03
2.470402199377814668e+03
2.479280809902985766e+03
2.485351218786473055e+03
2.495226917123129169e+03
2.510218860749066152e+03
2.511081425746342120e+03
2.523273404748393659e+03
2.547206996249290569e+03
2.556846287895414662e+03
2.562833303470555165e+03
2.568308954221726253e+03
2.572434177699510201e+03
2.580196689305621021e+03
2.589839630435787058e+03
2.591947090851544544e+03
2.594347036116640538e+03
2.600433632281825794e+03
2.618487823065830980e+03
2.620610813100000541e+03
2.632508348643994395e+03
2.639400054560117496e+03
2.640010186765439357e+03
2.660501130562214712e+03
2.669487861711585992e+03
2.670926484438199623e+03
2.685137915750132379e+03
2.689893922669331459e+03
2.691661114068826009e+03
2.699512175348161236e+03
2.703866061441236980e+03
2.708424049083656428e+03
2.733537759261650990e+03
2.733930033101660683e+03
2.753923081456813634e+03
2.755441887985960420e+03
2.758203513357651900e+03
2.765416360183774941e+03
2.774338126555998315e+03
2.807370721658197454e+03
2.856992931337753362e+03
2.857669541516219397e+03
2.859958454790248652e+03
2.875593508794230729e+03
2.875805629643025441e+03
2.904482733357203415e+03
2.906466603920699072e+03
2.920184357582814300e+03
2.924377301388787600e+03
2.939041616606845764e+03
2.944413802117386240e+03
2.954986386061292251e+03
2.958713514749642854e+03
2.960030147449378546e+03
2.969449885881209866e+03
2.980633810315411210e+03
3.001820994227771735e+03
3.003401885259472692e+03
3.005421086322660358e+03
3.009722494478266981e+03
3.012305109975174219e+03
3.035842594752569312e+03
3.050915704688463393e+03
3.060887333642611793e+03
3.095511636339017059e+03
3.104820050641153557e+03
3.107045749385786621e+03
3.120837496284832923e+03
3.157408648668774731e+03
3.158484350726479533e+03
3.216281794522175005e+03
3.228992698445738370e+03
3.244821654663826848e+03
3.256676737137196596e+03
3.260313842999054486e+03
3.261534747032837913e+03
3.266372885697139736e+03
3.284099185636632683e+03
3.287670526361110660e+03
3.287933863445508450e+03
3.292458526881982380e+03
3.313850727237316732e+03
3.314821626086446486e+03
3.321070679168360130e+03
3.331283746764967873e+03
3.370959679653364674e+03
3.378574763875870303e+03
3.379039642499716592e+03
3.391689330936657825e+03
3.409158849900617042e+03
3.412160625502714083e+03
3.415868110484677800e+03
3.416664631774195186e+03
3.417026442765570209e+03
3.418387167826025689e+03
3.421634914171963828e+03
3.425667629030587705e+03
3.429932228120682794e+03
3.458065432522597348e+03
3.468131066396637380e+03
3.468777892962032183e+03
3.479469798285266734e+03
3.493383849544266923e+03
3.493709910790098093e+03
3.507059618649895583e+03
3.510531189414480195e+03
3.512213745246579947e+03
3.512907987351873999e+03
3.526769389705688354e+03
3.529407865608970496e+03
3.537228270488716134e+03
3.550604718009027692e+03
3.552621726445548120e+03
3.559009234564839062e+03
3.578072505936623202e+03
3.624315672358784468e+03
3.633449702555484237e+03
3.635132920735262815e+03
3.645085384758482633e+03
3.651218339398052649e+03
3.669827774437215339e+03
3.707854856972973721e+03
3.711795073735885126e+03
3.713693890510616257e+03
3.766727890612774900e+03
3.766954634993340278e+03
3.767944825544564537e+03
3.771021035985324488e+03
3.790176717347482281e+03
3.800387110078247588e+03
3.803926451480544529e+03
3.831697334543959641e+03
3.841964914344537192e+03
3.866416368726007022e+03
3.868721407213518887e+03
3.875525233753144676e+03
3.877307001290672815e+03
3.891437754578606473e+03
3.891446894030594194e+03
3.895265107729455849e+03
3.900316094436554977e+03
3.913943249451473093e+03
3.929417204494606267e+03
3.981713845252716055e+03
3.989426438347321437e+03
3.995761028318352146e+03
4.000932506884559189e+03
4.001593040703924089e+03
4.018780534331603121e+03
4.035411047830796633e+03
4.037431531682898367e+03
4.048482120750025388e+03
4.083100663470402651e+03
4.084219216260066332e+03
4.089008461683607493e+03
4.120311495108718191e+03
4.137209262690502328e+03
4.139376952481762601e+03
4.144171455138946840e+03
4.147549630134081781e+03
4.158317768425490613e+03
4.169662407919830912e+03
4.169817757274439828e+03
4.186752582121708656e+03
4.194586404130367555e+03
4.196712932943800297e+03
4.197234158416941682e+03
4.197889389327739991e+03
4.197991978248976011e+03
4.211830217658432957e+03
4.213277557717177842e+03
4.237873253434356229e+03
4.245084591037717473e+03
4.259180019255292791e+03
4.262379453582749193e+03
4.273178134428404519e+03
4.273935958387348364e+03
4.285889315568071652e+03
4.300790498949686480e+03
4.307560354946271218e+03
4.320879664412116654e+03
4.334532963871110042e+03
4.336170193927937362e+03
4.338068064813111050e+03
4.358750284655316136e+03
4.378889313862613562e+03
4.379364183776602658e+03
4.405830872832465502e+03
4.414512436689161405e+03
4.443568343912188539e+03
4.448325032810017547e+03
4.449463528165971184e+03
4.455331656304500939e+03
4.459647191329844645e+03
4.492553693990228567e+03
4.508345480313648295e+03
4.571883208625009502e+03
4.579810412245366024e+03
4.584069850340168159e+03
4.586103569348497331e+03
4.601271487471297405e+03
4.610625643565953396e+03
4.639447413076188241e+03
4.643333856839793953e+03
4.649588943165039382e+03
4.655637321850020271e+03
4.709787284689117769e+03
4.713790246221926282e+03
4.736315282370422210e+03
4.758501700851613350e+03
4.764182742851781768e+03
4.767476961528406719e+03
4.769431260364940499e+03
4.770775459548853178e+03
4.795416605137296756e+03
4.798052129151256850e+03
4.798138651129259415e+03
4.802288086032883257e+03
4.812362721100213093e+03
4.815671329063156008e+03
4.816338992680174670e+03
4.816841162841373261e+03
4.820322866425764914e+03
4.835290886851666983e+03
4.858354965590868233e+03
4.868343611576003241e+03
4.873284458801713299e+03
4.874521851950883502e+03
4.874654025741088844e+03
4.876266663873729158e+03
4.885342829521026033e+03
4.894006293592722614e+03
4.910170667763675738e+03
4.916271161901758205e+03
4.923420504821395298e+03
4.925998113066492806e+03
4.928513023007429183e+03
4.937473018637303539e+03
4.959242503693079925e+03
4.973399139512765032e+03
4.997052686095920762e+03
5.007236281133240482e+03
5.019515626086685188e+03
5.021761086458997852e+03
5.036726903210258570e+03
5.043284842568800741e+03
5.068132105388839591e+03
5.068412776071904773e+03
5.068734979221861977e+03
5.073713731879865918e+03
5.091395634485753362e+03
5.099451449036392660e+03
5.107594326696638745e+03
5.107662921683062450e+03
5.120084395253918956e+03
5.121187174920761208e+03
5.129379376104684525e+03
5.129694785488937669e+03
5.176547193459018672e+03
5.184799109922552816e+03
5.186950621942816724e+03
5.197404698622125579e+03
5.199970280758693661e+03
5.207448483755364578e+03
5.230693890175473825e+03
5.243300786281643923e+03
5.252485458996951820e+03
5.283897064495330596e+03
5.305221329263660664e+03
5.311359596844895350e+03
5.316600543960747018e+03
5.318289460446229896e+03
5.324271954221198030e+03
5.331143336608703066e+03
5.364605543257010140e+03
5.371940727904426240e+03
5.385393042524833618e+03
5.403374184196060014e+03
5.425098896893889105e+03
5.443770709927712232e+03
5.444686265756243301e+03
5.446352553333749711e+03
5.450679749110900957e+03
5.454654913051906988e+03
5.455675467839322664e+03
5.465079448806263827e+03
5.479808172801723231e+03
5.482259741135055265e+03
5.498266300300012517e+03
5.500177302779884485e+03
5.510250734472921067e+03
5.510599122119367166e+03
5.530201607010702901e+03
5.541136753781043808e+03
5.542049566118479561e+03
5.560365902252858177e+03
5.563555849071307421e+03
5.568312116251860971e+03
5.571642349894800645e+03
5.577599036570143653e+03
5.633258991329169476e+03
5.647630241165487860e+03
5.666996040492275824e+03
5.671794033273201421e+03
5.675224775769063854e+03
5.677296927981763474e+03
5.683201084924478891e+03
5.711152647780242660e+03
5.725570706072458051e+03
5.726621594976022607e+03
5.734006622515451454e+03
5.737676874234409297e+03
5.740220190514644855e+03
5.751442970129753121e+03
5.772607559317246341e+03
5.790668948383503448e+03
5.798108299945719409e+03
5.811172911029513671e+03
5.816058894192659864e+03
5.816765940527218845e+03
5.821791598898759730e+03
5.830102406917332701e+03
5.831607795727249140e+03
5.832428940786229759e+03
5.841664520084597825e+03
5.852177864596215841e+03
5.870630861501103936e+03
5.878422397703351635e+03
5.882850263811690638e+03
5.894168414773589575e+03
5.900839485870681528e+03
5.910067861753631405e+03
5.912020487073710683e+03
5.955227247118340529e+03
5.963588883709843685e+03
5.963871288331706637e+03
5.977730529292133724e+03
5.989104411062189683e+03
5.992644267095286523e+03
6.001258923940854402e+03
6.002168715535451156e+03
6.037943245350398684e+03
6.049537798507019033e+03
6.056736088526043204e+03
6.065591655157540117e+03
6.112243889372528429e+03
6.122180319647272881e+03
6.128750893220814760e+03
6.133938682057990263e+03
6.151958976460946360e+03
6.163899587813502876e+03
6.173976915307536729e+03
6.197784245556257702e+03
6.197964338653266168e+03
6.201535185155933505e+03
6.213547657565262853e+03
6.240021113369744853e+03
6.244193235792787164e+03
6.259269408882744756e+03
6.268752007044783568e+03
6.285362802929339523e+03
6.287495945004790883e+03
6.293233304867258994e+03
6.323226822169940533e+03
6.325625276279999525e+03
6.367299327899704622e+03
6.370266993402365188e+03
6.390710897422737617e+03
6.398672532350452457e+03
6.413511275866851065e+03
6.419608438966406538e+03
6.421287588632205370e+03
6.446043098375338559e+03
6.447627880942871343e+03
6.455606782709945946e+03
6.464284185385840829e+03
6.471264070511902901e+03
6.518946653312446870e+03
6.522034794531116859e+03
6.524754727126604848e+03
6.528265181854287221e+03
6.531247067888051788e+03
6.533103188192450034e+03
6.557573133648686962e+03
6.564745967230107453e+03
6.582924383883289011e+03
6.603066136726611148e+03
6.617512700231090093e+03
6.620507576639825857e+03
6.623359644164947895e+03
6.625326954490183198e+03
6.626048814519978805e+03
6.627462864513558998e+03
6.640108076536762383e+03
6.643093487623234068e+03
6.644699340325287267e+03
6.659933685752224847e+03
6.660677197186182639e+03
6.660952751482807798e+03
6.670968816847555900e+03
6.676874710891299401e+03
6.696704598986731980e+03
6.709195008625159062e+03
6.725864147151280122e+03
6.730145986331994209e+03
6.735424961097702180e+03
6.743206472859658788e+03
6.746203803967025124e+03
6.750328007146204072e+03
6.752761086194326708e+03
6.774029398500645584e+03
6.812122028237851737e+03
6.812304505019857970e+03
6.814006976037694585e+03
6.816898074914256540e+03
6.836582389125370355e+03
6.853709666023100908e+03
6.854858324227888261e+03
6.874213302924087657e+03
6.878765171641456618e+03
6.896804411019322288e+03
6.907130892435126952e+03
6.922035198099398258e+03
6.927955869477248598e+03
6.931681467659053851e+03
6.961985152904917413e+03
6.967489627959693280e+03
6.983721631965342567e+03
6.996177912566244231e+03
7.004348605276592025e+03
7.019946670880305646e+03
7.026754926562198307e+03
7.040878773918530896e+03
7.046514093914181103e+03
7.050270547113790599e+03
7.084051138218164851e+03
7.106375258744043094e+03
7.125621629128391760e+03
7.132539386572524563e+03
7.157451802786302324e+03
7.161877731549438977e+03
7.219901894650108261e+03
7.220480812493665326e+03
7.228474612305240953e+03
7.231156976705643501e+03
7.258123006179127515e+03
7.259364550530290217e+03
7.261109160118119689e+03
7.266056532173291998e+03
7.275295662264852581e+03
7.287042019143391371e+03
7.289802722309798810e+03
7.291252574498179456e+03
7.329069995865221244e+03
7.338852950263577441e+03
7.339120222923169422e+03
7.345396639863348355e+03
7.352191242782183508e+03
7.354535637554606183e+03
7.356432022315227186e+03
7.361349158905647528e+03
7.374012188840616545e+03
7.404983366534522247e+03
7.417304578775981099e+03
7.424854812964291341e+03
7.433129519888140749e+03
7.445585425361831767e+03
7.449425455046299248e+03
7.452338246137178430e+03
7.453106754036588427e+03
7.494827499988113232e+03
7.500307772246134846e+03
7.520084225818633968e+03
7.520905414269479479e+03
7.522302600629362132e+03
7.537937772410345133e+03
7.550973503467303090e+03
7.567516800757770397e+03
7.569054038216958361e+03
7.586652531961468412e+03
7.597460983646506065e+03
7.611328131918965482e+03
7.619235640167688871e+03
7.632624839103983504e+03
7.639989992974647066e+03
7.661072539777390375e+03
7.669807471453395920e+03
7.685294532608167174e+03
7.695390635993961041e+03
7.697207110376557466e+03
7.721960667010976067e+03
7.724889825556637334e+03
7.762574700408107674e+03
7.779370153485487208e+03
7.781801652196648320e+03
7.789897582956627957e+03
7.820146955743850413e+03
7.826847080680914587e+03
7.852681416633979097e+03
7.855019851879045746e+03
7.856666041570494599e+03
7.870352155766423493e+03
7.870528545731013764e+03
7.871572570614108372e+03
7.890295934781845972e+03
7.893225186945103815e+03
7.906751909696909024e+03
7.912693004682140781e+03
7.938311498097279582e+03
7.942367204691041479e+03
7.983316560823281179e+03
8.002798541056040449e+03
8.034124443227078700e+03
8.038397540754840520e+03
8.060864318967245708e+03
8.066013722134706768e+03
8.070017654217204836e+03
8.076954535737293554e+03
8.077302423259073294e+03
8.092313862896226055e+03
8.101648724785124614e+03
8.123712677362861541e+03
8.127605092123743816e+03
8.131224969066584890e+03
8.134041478609256046e+03
8.140112666861008620e+03
8.148095475060581521e+03
8.156779840182615771e+03
8.160053366089864539e+03
8.161294725283255502e+03
8.166503611711328631e+03
8.181806148481328819e+03
8.182663436444676336e+03
8.185054229645809755e+03
8.187917102458422050e+03
8.193624083776529005e+03
8.201656394251762322e+03
8.207850202831563365e+03
8.218036751726063812e+03
8.228327811552862840e+03
8.228557751986598305e+03
8.245516828026746225e+03
8.251570447584002977e+03
8.255360375617294267e+03
8.272263725063519814e+03
8.276293655621939251e+03
8.282583940125174195e+03
8.287729879459682707e+03
8.288637402904105329e+03
8.289276756375342302e+03
8.293089313867716555e+03
8.293255050087143900e+03
8.301385181478493905e+03
8.310351508295989333e+03
8.311635709232388763e+03
8.313967529845473109e+03
8.317561999328694583e+03
8.319193707447435372e+03
8.325643826095121767e+03
8.328650026491164681e+03
8.328711768757710161e+03
8.344497515763909178e+03
8.351422825124136580e+03
8.359398222649106174e+03
8.371742619872049545e+03
8.379349794611440302e+03
8.426094856732812332e+03
8.451513240400854556e+03
8.455256695528987620e+03
8.493702722444873871e+03
8.494747471885641062e+03
8.509594646413077498e+03
8.510917495724674154e+03
8.514223041615818147e+03
8.535895467761474720e+03
8.548739491812460983e+03
8.557736768428911091e+03
8.562495401123029296e+03
8.566086642295273123e+03
8.569646751976019004e+03
8.569924992302228929e+03
8.574205230573446897e+03
8.586496343904711466e+03
8.592359199474416528e+03
8.604141062724056610e+03
8.608467471864696563e+03
8.609098767295421567e+03
8.644212168731735801e+03
8.658103747407280025e+03
8.670484909320013685e+03
8.672049129933466247e+03
8.674059911728183579e+03
8.712931629011314726e+03
8.738288374307410777e+03
8.741366600841640320e+03
8.746716591833814164e+03
8.762539519649113572e+03
8.767572405053846524e+03
8.768093965416064748e+03
8.776020382164058901e+03
8.786355073097214699e+03
8.792875611978279267e+03
8.801894558762842280e+03
8.804972854652865863e+03
8.806143979991878950e+03
8.807375119795109640e+03
8.807929013017019315e+03
8.823673821401827809e+03
8.832999578767619823e+03
8.843892773820347429e+03
8.852485243183826242e+03
8.854331206592783928e+03
8.855130260390495096e+03
8.859885781246601255e+03
8.874114768804733103e+03
8.882908473385738034e+03
8.891969957751603943e+03
8.893368338533318820e+03
8.902262215016104165e+03
8.930796638605608678e+03
8.932566303796140346e+03
8.937299020099810150e+03
8.945624583412229185e+03
8.974593212899942955e+03
8.981337534640333615e+03
8.986453577140244306e+03
8.988159374144432149e+03
9.002589888883127060e+03
9.011830665424624385e+03
9.015233125863154783e+03
9.035031645676441258e+03
9.035588396830456986e+03
9.041689605257046424e+03
9.045760715771182731e+03
9.050369482882650118e+03
9.052159280504298295e+03
9.074078990192800120e+03
9.084704830266071440e+03
9.090005164064337805e+03
9.098392289911522312e+03
9.118385873998904572e+03
9.126315097917873572e+03
9.137372948215381257e+03
9.147801254799844173e+03
9.159710108595450947e+03
9.179391979111895125e+03
9.181531786989864486e+03
9.183709713129806914e+03
9.193432407553787925e+03
9.193919402607483789e+03
9.202030336586636622e+03
9.210973112995738120e+03
9.211293391362349212e+03
9.255176653377096955e+03
9.266611175698766601e+03
9.270595416970274528e+03
9.275820900133508985e+03
9.283142837667817730e+03
9.289572146576243540e+03
9.311704901611527021e+03
9.336495676453771011e+03
9.363396335054721931e+03
9.387658754234033040e+03
9.402188564089559804e+03
9.415982830090804782e+03
9.430884840823366176e+03
9.451163080929962234e+03
9.463977432791700267e+03
9.463999024666145488e+03
9.469417547385926810e+03
9.475425341665630185e+03
9.494856333730882398e+03
9.515432241848868216e+03
9.568650910079048117e+03
9.574311638494482395e+03
9.606265371014022094e+03
9.606756561832758962e+03
9.615563027492806214e+03
9.630367995993461591e+03
9.648421550088984077e+03
9.652862653518159277e+03
9.690568334054732986e+03
9.691906643011390770e+03
9.699662567800936813e+03
9.702543436939940875e+03
9.738653355761041894e+03
9.794214968829848658e+03
9.806934386455886852e+03
9.809318821501623461e+03
9.814276317086934796e+03
9.827203935383702628e+03
9.833550122482945881e+03
9.834209058805234235e+03
9.842708905637377029e+03
9.844185051113010559e+03
9.855910337465578777e+03
9.857062390050630711e+03
9.871526354138130046e+03
9.887518227140639283e+03
9.890551110528016579e+03
9.893118057286650583e+03
9.894182051775667787e+03
9.894426906595586843e+03
9.898100933730631368e+03
9.900893851388218536e+03
9.916673329704053685e+03
9.921423983902457621e+03
9.927293531467552384e+03
9.931399689984258657e+03
9.953874562293005511e+03
9.955819712452650492e+03
9.955833828880156943e+03
9.977111435711751255e+03
1.001122550397755549e+04
1.002541487657234575e+04
1.007544819592536442e+04
1.008071506205581500e+04
1.008481147012157999e+04
1.010131462465857112e+04
1.010458885497685515e+04
1.010481741300794602e+04
1.013877639324582015e+04
1.014571179572742039e+04
1.014998622727608381e+04
1.016648319536927738e+04
1.017408132567665052e+04
1.018049259026082109e+04
1.018721587266449023e+04
1.018960559410001406e+04
1.020368628560585967e+04
1.020446510474529532e+04
1.022890165582494956e+04
1.024549344507699607e+04
1.024888848169870835e+04
1.025442515695884140e+04
1.026180667291291684e+04
1.027509971349890657e+04
1.029178457338285261e+04
1.029187023467652580e+04
1.031167572853361889e+04
1.031172146779546529e+04
1.031240101116141341e+04
1.031866224134454387e+04
1.032245451455445618e+04
1.032737428567983443e+04
1.033724045900760029e+04
1.034314743916963380e+04
1.034390518050620631e+04
1.036152201719997356e+04
1.036177509344290957e+04
1.037779617369201515e+04
1.039630055397948672e+04
1.040013072504714000e+04
1.042268106466212157e+04
1.043081933519510676e+04
1.043950596268250229e+04
1.046378533045212316e+04
1.047232723059759519e+04
1.047546697931473864e+04
1.048043699729581385e+04
1.048953839160254574e+04
1.049379241222874953e+04
1.049638227891644419e+04
1.051426310566375651e+04
1.051779607218007550e+04
1.052238525069875868e+04
1.052758450872980575e+04
1.053870774221044303e+04
1.053918460156790206e+04
1.054467207887359473e+04
1.054805632726357544e+04
1.055835748916751436e+04
1.056995836844689984e+04
1.057627045723044830e+04
1.061595815756770935e+04
